0 0.084000 0.399000 0.525000
1 0.030778 0.455618 0.623437
2 0.011932 0.471257 0.586908
3 0.004716 0.473430 0.606118
4 0.001877 0.473659 0.596848
5 0.000750 0.473682 0.601551
6 0.000300 0.473684 0.599218
7 0.000120 0.473684 0.600389
8 0.000048 0.473684 0.599805
9 0.000019 0.473684 0.600097
10 0.000008 0.473684 0.599951
11 0.000003 0.473684 0.600024
12 0.000001 0.473684 0.599988
13 0.000000 0.473684 0.600006
14 0.000000 0.473684 0.599997
15 0.000000 0.473684 0.600002
16 0.000000 0.473684 0.599999
17 0.000000 0.473684 0.600000
18 0.000000 0.473684 0.600000
19 0.000000 0.473684 0.600000
20 0.000000 0.473684 0.600000
21 0.000000 0.473684 0.600000
22 0.000000 0.473684 0.600000
23 0.000000 0.473684 0.600000
24 0.000000 0.473684 0.600000
25 0.000000 0.473684 0.600000
26 0.000000 0.473684 0.600000
27 0.000000 0.473684 0.600000
28 0.000000 0.473684 0.600000
29 0.000000 0.473684 0.600000
30 0.000000 0.473684 0.600000
31 0.000000 0.473684 0.600000
32 0.000000 0.473684 0.600000
33 0.000000 0.473684 0.600000
34 0.000000 0.473684 0.600000
35 0.000000 0.473684 0.600000
36 0.000000 0.473684 0.600000
37 0.000000 0.473684 0.600000
38 0.000000 0.473684 0.600000
39 0.000000 0.473684 0.600000
40 0.000000 0.473684 0.600000
41 0.000000 0.473684 0.600000
42 0.000000 0.473684 0.600000
43 0.000000 0.473684 0.600000
44 0.000000 0.473684 0.600000
45 0.000000 0.473684 0.600000
46 0.000000 0.473684 0.600000
47 0.000000 0.473684 0.600000
48 0.000000 0.473684 0.600000
49 0.000000 0.473684 0.600000
